#Volume (Ang^3)   Helmholtz Free Energy (kJ/mol)
337.508473 805.285383
333.654574 806.655217
329.953023 807.988096
326.636487 809.197031
324.218483 810.087393
322.013479 810.906042
319.822761 811.725844
317.983981 812.418992
315.871534 813.221079
314.104269 813.896919
312.356311 814.569756
310.728547 815.200300
309.080125 815.842802
307.318402 816.533928
306.281361 816.942942
303.495814 818.049705
302.172377 818.579750
300.758502 819.149060
299.511364 819.653872
298.028332 820.257430
296.810965 820.755545
295.586040 821.259217
294.405260 821.747103
293.256162 822.224151
292.149370 822.685758
288.952715 824.030867
286.951332 824.882188
284.177966 826.073843
282.381583 826.853279
278.187125 828.697049
274.681372 830.264498
271.167453 831.860663
267.537387 833.536929
