#Volume (Ang^3)   Helmholtz Free Energy (kJ/mol)
337.508473 796.578402
333.654574 798.044052
329.953023 799.469875
326.636487 800.762860
324.218483 801.714970
322.013479 802.590274
319.822761 803.466695
317.983981 804.207624
315.871534 805.064895
314.104269 805.787144
312.356311 806.506101
310.728547 807.179789
309.080125 807.866178
307.318402 808.604425
306.281361 809.041283
303.495814 810.223227
302.172377 810.789191
300.758502 811.397019
299.511364 811.935931
298.028332 812.580190
296.810965 813.111839
295.586040 813.649367
294.405260 814.169996
293.256162 814.679010
292.149370 815.171503
288.952715 816.606346
286.951332 817.514250
284.177966 818.784831
282.381583 819.615712
278.187125 821.580594
274.681372 823.250343
271.167453 824.950032
267.537387 826.734286
