#Volume (Ang^3)   Helmholtz Free Energy (kJ/mol)
337.508473 787.145476
333.654574 788.707996
329.953023 790.227807
326.636487 791.605804
324.218483 792.620379
322.013479 793.553005
319.822761 794.486721
317.983981 795.276007
315.871534 796.189136
314.104269 796.958366
312.356311 797.724018
310.728547 798.441396
309.080125 799.172231
307.318402 799.958206
306.281361 800.423269
303.495814 801.681382
302.172377 802.283746
300.758502 802.930610
299.511364 803.504085
298.028332 804.189603
296.810965 804.755251
295.586040 805.327106
294.405260 805.880940
293.256162 806.422376
292.149370 806.946196
288.952715 808.472079
286.951332 809.437407
284.177966 810.788108
282.381583 811.671225
278.187125 813.759133
274.681372 815.532851
271.167453 817.337806
267.537387 819.231926
