#Volume (Ang^3)   Helmholtz Free Energy (kJ/mol)
337.508473 840.860683
333.654574 841.701373
329.953023 842.521939
326.636487 843.268438
324.218483 843.819614
322.013479 844.327457
319.822761 844.837050
317.983981 845.268737
315.871534 845.769223
314.104269 846.191739
312.356311 846.613121
310.728547 847.008697
309.080125 847.412463
307.318402 847.847570
306.281361 848.105458
303.495814 848.804753
302.172377 849.140426
300.758502 849.501529
299.511364 849.822217
298.028332 850.206249
296.810965 850.523703
295.586040 850.845174
294.405260 851.157030
293.256162 851.462401
292.149370 851.758309
288.952715 852.622979
286.951332 853.172111
284.177966 853.943280
282.381583 854.449300
278.187125 855.651525
274.681372 856.679524
271.167453 857.732172
267.537387 858.844181
