#Volume (Ang^3)   Helmholtz Free Energy (kJ/mol)
337.508473 832.410514
333.654574 833.414035
329.953023 834.391932
326.636487 835.280160
324.218483 835.935114
322.013479 836.537916
319.822761 837.142153
317.983981 837.653504
315.871534 838.245761
314.104269 838.745254
312.356311 839.242947
310.728547 839.709742
309.080125 840.185779
307.318402 840.698286
306.281361 841.001812
303.495814 841.823962
302.172377 842.218137
300.758502 842.641832
299.511364 843.017805
298.028332 843.467671
296.810965 843.839235
295.586040 844.215214
294.405260 844.579670
293.256162 844.936281
292.149370 845.281588
288.952715 846.289165
286.951332 846.927930
284.177966 847.823481
282.381583 848.410160
278.187125 849.800937
274.681372 850.986674
271.167453 852.197460
267.537387 853.472754
