#Volume (Ang^3)   Helmholtz Free Energy (kJ/mol)
337.508473 843.622651
333.654574 844.393258
329.953023 845.146392
326.636487 845.832391
324.218483 846.339423
322.013479 846.806991
319.822761 847.276559
317.983981 847.674646
315.871534 848.136532
314.104269 848.526761
312.356311 848.916217
310.728547 849.282075
309.080125 849.655759
307.318402 850.058738
306.281361 850.297726
303.495814 850.946304
302.172377 851.257911
300.758502 851.593329
299.511364 851.891384
298.028332 852.248536
296.810965 852.543951
295.586040 852.843275
294.405260 853.133809
293.256162 853.418460
292.149370 853.694437
288.952715 854.501712
286.951332 855.015050
284.177966 855.736820
282.381583 856.210980
278.187125 857.339282
274.681372 858.306061
271.167453 859.297936
267.537387 860.347854
