Grueneisen Parameters
0.097009
0.097543
0.107618
0.106063
0.058146
0.055778
0.048462
0.050374
0.074235
0.079367
0.076894
0.078604
-0.136875
-0.140995
-0.145691
-0.151033
0.112558
0.111472
0.114176
0.112315
-0.014608
-0.020336
0.032073
0.010378
0.021210
0.009594
-0.035625
-0.043396
-0.006002
-0.017398
0.077465
0.067708
-0.024082
0.048265
0.016916
-0.034353
0.032225
0.019643
0.015998
-0.003416
0.083996
0.084631
0.063445
0.062592
0.026684
0.049664
-0.023662
-0.001422
-0.049952
0.030349
-0.028810
0.001236
0.001901
-0.035349
-0.010907
-0.052610
0.030463
0.007200
0.003154
-0.018588
0.160325
0.186868
0.177476
0.172885
0.046667
0.023084
0.004376
0.015420
0.111006
0.090963
0.180116
0.161387
-0.033234
-0.019703
-0.028291
-0.015887
0.054632
0.057014
-0.025389
-0.028201
-0.009691
-0.005970
-0.002598
-0.055763
0.384278
0.305552
0.429639
0.290391
0.484013
0.500038
0.465650
0.430741
0.547148
0.994672
1.041371
0.786510
1.056291
0.675358
1.300393
1.731801
1.287459
0.949447
2.212631
0.397566
0.898659
1.543580
1.231400
1.688349
1.978951
2.439998
2.656206
4.184052
1.437469
0.631410
2.803615
2.752273
1.992904
0.000000
0.000000
0.000000
