#Volume (Ang^3)   Free Energy (kJ/mol)
337.508473 -813001.824443
333.654574 -813003.942196
329.953023 -813005.703719
326.636487 -813007.028376
324.218483 -813007.827512
322.013479 -813008.423131
319.822761 -813008.879741
317.983981 -813009.151875
315.871534 -813009.330815
314.104269 -813009.363709
312.356311 -813009.285704
310.728547 -813009.110404
309.080125 -813008.828301
307.318402 -813008.406193
306.281361 -813008.097553
303.495814 -813007.038666
302.172377 -813006.413699
300.758502 -813005.655708
299.511364 -813004.907355
298.028332 -813003.917119
296.810965 -813003.020382
295.586040 -813002.039468
294.405260 -813001.017206
293.256162 -812999.948123
292.149370 -812998.847334
288.952715 -812995.259819
286.951332 -812992.689746
284.177966 -812988.689816
282.381583 -812985.812860
278.187125 -812978.156993
274.681372 -812970.670914
271.167453 -812962.080401
267.537387 -812951.959577
