#Volume (Ang^3)   Free Energy (kJ/mol)
337.508473 -813033.918869
333.654574 -813035.463438
329.953023 -813036.684253
326.636487 -813037.528028
324.218483 -813037.975671
322.013479 -813038.247798
319.822761 -813038.377990
317.983981 -813038.370849
315.871534 -813038.225047
314.104269 -813037.985441
312.356311 -813037.638697
310.728547 -813037.213933
309.080125 -813036.679948
307.318402 -813035.989429
306.281361 -813035.523145
303.495814 -813034.042018
302.172377 -813033.216995
300.758502 -813032.245626
299.511364 -813031.309323
298.028332 -813030.095864
296.810965 -813029.016081
295.586040 -813027.851122
294.405260 -813026.651543
293.256162 -813025.409960
292.149370 -813024.143044
288.952715 -813020.075548
286.951332 -813017.204549
284.177966 -813012.786579
282.381583 -813009.637906
278.187125 -813001.343360
274.681372 -812993.317082
271.167453 -812984.176982
267.537387 -812973.477145
