#Volume (Ang^3)   Free Energy (kJ/mol)
337.508473 -813060.020402
333.654574 -813061.277715
329.953023 -813062.224688
326.636487 -813062.820923
324.218483 -813063.084167
322.013479 -813063.183232
319.822761 -813063.136343
317.983981 -813062.979872
315.871534 -813062.662348
314.104269 -813062.278830
312.356311 -813061.789519
310.728547 -813061.231780
309.080125 -813060.562921
307.318402 -813059.728015
306.281361 -813059.176618
303.495814 -813057.466422
302.172377 -813056.532331
300.758502 -813055.444267
299.511364 -813054.404879
298.028332 -813053.068649
296.810965 -813051.887932
295.586040 -813050.621266
294.405260 -813049.323507
293.256162 -813047.986242
292.149370 -813046.627041
288.952715 -813042.292281
286.951332 -813039.253389
284.177966 -813034.602017
282.381583 -813031.301686
278.187125 -813022.651496
274.681372 -813014.326248
271.167453 -813004.884822
267.537387 -812993.871861
