#Volume (Ang^3)   Free Energy (kJ/mol)
337.508473 -813050.586952
333.654574 -813051.942823
329.953023 -813052.982362
326.636487 -813053.661736
324.218483 -813053.987045
322.013479 -813054.144811
319.822761 -813054.158055
317.983981 -813054.052396
315.871534 -813053.793762
314.104269 -813053.459920
312.356311 -813053.020088
310.728547 -813052.508721
309.080125 -813051.887093
307.318402 -813051.102946
306.281361 -813050.581554
303.495814 -813048.952363
302.172377 -813048.056941
300.758502 -813047.010296
299.511364 -813046.007521
298.028332 -813044.714904
296.810965 -813043.570031
295.586040 -813042.339456
294.405260 -813041.076493
293.256162 -813039.773084
292.149370 -813038.446471
288.952715 -813034.205576
286.951332 -813031.225131
284.177966 -813026.654111
282.381583 -813023.405296
278.187125 -813014.873161
274.681372 -813006.643361
271.167453 -812997.293626
267.537387 -812986.369989
