#Volume (Ang^3)   Free Energy (kJ/mol)
337.508473 -813020.323213
333.654574 -813022.054674
329.953023 -813023.452167
326.636487 -813024.453869
324.218483 -813025.017739
322.013479 -813025.397659
319.822761 -813025.637621
317.983981 -813025.725091
315.871534 -813025.688144
314.104269 -813025.539377
312.356311 -813025.282323
310.728547 -813024.940959
309.080125 -813024.491331
307.318402 -813023.890880
306.281361 -813023.477583
303.495814 -813022.138723
302.172377 -813021.381292
300.758502 -813020.482154
299.511364 -813019.609599
298.028332 -813018.472011
296.810965 -813017.454578
295.586040 -813016.352435
294.405260 -813015.213500
293.256162 -813014.031036
292.149370 -813012.821173
288.952715 -813008.919196
286.951332 -813006.152518
284.177966 -813001.880219
282.381583 -812998.826723
278.187125 -812990.757529
274.681372 -812982.923763
271.167453 -812973.981428
267.537387 -812963.492120
