#Volume (Ang^3)   Free Energy (kJ/mol)
337.508473 -813026.723314
333.654574 -813028.362184
329.953023 -813029.672203
326.636487 -813030.595826
324.218483 -813031.102341
322.013479 -813031.429179
319.822761 -813031.615220
317.983981 -813031.656168
315.871534 -813031.565430
314.104269 -813031.371797
312.356311 -813031.070451
310.728547 -813030.687908
309.080125 -813030.196634
307.318402 -813029.551726
306.281361 -813029.112278
303.495814 -813027.703221
302.172377 -813026.912447
300.758502 -813025.977684
299.511364 -813025.073693
298.028332 -813023.898698
296.810965 -813022.850530
295.586040 -813021.717427
294.405260 -813020.548610
293.256162 -813019.337019
292.149370 -813018.099052
288.952715 -813014.115572
286.951332 -813011.297550
284.177966 -813006.953587
282.381583 -813003.853290
278.187125 -812995.673354
274.681372 -812987.745067
271.167453 -812978.705714
267.537387 -812968.113219
