#Volume (Ang^3)   Free Energy (kJ/mol)
337.508473 -813001.113869
333.654574 -813003.266167
329.953023 -813005.059658
326.636487 -813006.412068
324.218483 -813007.230987
322.013479 -813007.844380
319.822761 -813008.318458
317.983981 -813008.605158
315.871534 -813008.800790
314.104269 -813008.847665
312.356311 -813008.783336
310.728547 -813008.620535
309.080125 -813008.350860
307.318402 -813007.941779
306.281361 -813007.640684
303.495814 -813006.601616
302.172377 -813005.985839
300.758502 -813005.237508
299.511364 -813004.497540
298.028332 -813003.517112
296.810965 -813002.628298
295.586040 -813001.655238
294.405260 -813000.640439
293.256162 -812999.578519
292.149370 -812998.484538
288.952715 -812994.916199
286.951332 -812992.357783
284.177966 -812988.373601
282.381583 -812985.506613
278.187125 -812977.873420
274.681372 -812970.405788
271.167453 -812961.833495
267.537387 -812951.731438
