#Volume (Ang^3)   Free Energy (kJ/mol)
337.508473 -813003.539549
333.654574 -813005.599718
329.953023 -813007.307253
326.636487 -813008.584378
324.218483 -813009.349190
322.013479 -813009.913620
319.822761 -813010.339223
317.983981 -813010.585215
315.871534 -813010.733859
314.104269 -813010.741125
312.356311 -813010.637918
310.728547 -813010.439379
309.080125 -813010.133969
307.318402 -813009.687202
306.281361 -813009.364164
303.495814 -813008.267036
302.172377 -813007.624115
300.758502 -813006.847095
299.511364 -813006.082083
298.028332 -813005.072188
296.810965 -813004.159433
295.586040 -813003.162507
294.405260 -813002.124907
293.256162 -813001.040989
292.149370 -812999.925991
288.952715 -812996.297853
286.951332 -812993.702636
284.177966 -812989.668183
282.381583 -812986.769035
278.187125 -812979.061734
274.681372 -812971.532889
271.167453 -812962.899472
267.537387 -812952.733993
